006616
006657
006683
006710
006736
006760
006618
006658
006684
006711
006737
006762
006619
006660
006685
006712
006738
006763
006620
006661
006687
006713
006739
006764
006631
006662
006688
006714
006740
006765
006632
006663
006689
006715
006741
006767
006636
006664
006691
006716
006742
006768
006637
006665
006692
006717
006743
006769
006638
006666
006693
006718
006744
006775
006639
006667
006694
006719
006746
006776
006640
006668
006695
006722
006747
006777
006642
006669
006696
006723
006748
006778
006645
006670
006697
006724
006749
006779
006647
006672
006698
006725
006750
006780
006648
006673
006699
006728
006751
006781
006650
006675
006704
006729
006753
006783
006651
006676
006705
006730
006754
006652
006677
006706
006731
006755
006654
006678
006707
006732
006756
006655
006680
006708
006733
006757
006656
006682
006709
006734
006759
